"akima" <-
list(x = c(11.16, 24.2, 12.85, 19.85, 10.35, 24.65, 19.72, 15.91, 
0, 20.87, 6.71, 3.45, 19.99, 14.26, 10.28, 4.51, 17.43, 22.8, 
0, 7.58, 16.7, 6.08, 1.99, 25, 14.9, 3.22, 0, 9.66, 2.56, 5.22, 
11.77, 17.25, 15.1, 25, 12.13, 25, 22.33, 11.52, 14.59, 15.2, 
7.54, 5.23, 17.32, 2.14, 0.51, 22.69, 25, 5.47, 21.67, 3.31), y = c(1.24, 
16.23, 3.06, 10.72, 4.11, 2.4, 1.39, 7.74, 20, 20, 6.26, 12.78, 
4.62, 17.87, 15.16, 20, 3.46, 12.39, 4.48, 1.98, 19.65, 4.58, 
5.6, 11.87, 3.12, 16.78, 0, 20, 3.02, 14.66, 10.47, 19.57, 17.19, 
3.87, 10.79, 0, 6.21, 8.53, 8.71, 0, 10.69, 10.72, 13.78, 15.03, 
8.37, 19.63, 20, 17.13, 14.36, 0.13), z = c(22.15, 2.83, 22.11, 
7.97, 22.33, 10.25, 16.83, 15.3, 34.6, 7.54, 30.97, 41.24, 14.72, 
10.74, 21.59, 15.61, 18.6, 5.47, 61.77, 29.87, 6.31, 35.74, 51.81, 
4.4, 21.7, 39.93, 58.2, 4.73, 50.55, 40.36, 13.62, 6.43, 12.57, 
8.74, 13.71, 12, 10.25, 15.74, 14.81, 21.6, 19.31, 26.5, 12.11, 
53.1, 49.43, 3.25, 0.6, 28.63, 5.52, 44.08))
